CMDLINE C:\Users\joben\AppData\Local\Programs\Python\Python310\python.exe .\scraper_multiprocess.py
MEM 1.714844 1687897096.2078
MEM 10.050781 1687897096.3364
MEM 15.664062 1687897096.4603
MEM 20.046875 1687897096.5851
MEM 21.332031 1687897096.7174
CHLD 0 7.890625 1687897096.7542
CHLD 1 7.839844 1687897096.7542
CHLD 2 7.593750 1687897096.7542
CHLD 3 7.558594 1687897096.7542
CHLD 4 7.539062 1687897096.7542
CHLD 5 7.269531 1687897096.7542
CHLD 6 7.148438 1687897096.7542
CHLD 7 4.957031 1687897096.7542
MEM 21.480469 1687897096.8753
CHLD 0 9.414062 1687897096.9176
CHLD 1 9.601562 1687897096.9176
CHLD 2 9.187500 1687897096.9176
CHLD 3 8.433594 1687897096.9176
CHLD 4 8.496094 1687897096.9176
CHLD 5 8.468750 1687897096.9176
CHLD 6 8.421875 1687897096.9176
CHLD 7 8.421875 1687897096.9176
MEM 21.480469 1687897097.0368
CHLD 0 11.699219 1687897097.0756
CHLD 1 11.953125 1687897097.0756
CHLD 2 11.679688 1687897097.0756
CHLD 3 8.753906 1687897097.0756
CHLD 4 9.019531 1687897097.0756
CHLD 5 9.980469 1687897097.0756
CHLD 6 8.718750 1687897097.0756
CHLD 7 8.847656 1687897097.0756
MEM 21.480469 1687897097.1863
CHLD 0 12.144531 1687897097.2190
CHLD 1 12.437500 1687897097.2190
CHLD 2 12.609375 1687897097.2190
CHLD 3 9.367188 1687897097.2190
CHLD 4 9.816406 1687897097.2190
CHLD 5 12.007812 1687897097.2200
CHLD 6 9.210938 1687897097.2200
CHLD 7 9.335938 1687897097.2200
MEM 21.480469 1687897097.3372
CHLD 0 12.660156 1687897097.4000
CHLD 1 13.148438 1687897097.4000
CHLD 2 14.023438 1687897097.4000
CHLD 3 10.769531 1687897097.4000
CHLD 4 11.781250 1687897097.4000
CHLD 5 13.480469 1687897097.4000
CHLD 6 10.707031 1687897097.4000
CHLD 7 11.679688 1687897097.4016
MEM 21.480469 1687897097.5154
CHLD 0 13.125000 1687897097.5571
CHLD 1 13.234375 1687897097.5571
CHLD 2 15.863281 1687897097.5571
CHLD 3 11.750000 1687897097.5571
CHLD 4 12.000000 1687897097.5571
CHLD 5 15.730469 1687897097.5571
CHLD 6 11.656250 1687897097.5571
CHLD 7 11.851562 1687897097.5571
MEM 21.480469 1687897097.6975
CHLD 0 13.328125 1687897097.7900
CHLD 1 15.812500 1687897097.7900
CHLD 2 15.867188 1687897097.7900
CHLD 3 12.160156 1687897097.7900
CHLD 4 12.226562 1687897097.7900
CHLD 5 15.820312 1687897097.7900
CHLD 6 11.843750 1687897097.7900
CHLD 7 12.183594 1687897097.7900
MEM 21.480469 1687897097.9103
CHLD 0 15.726562 1687897097.9798
CHLD 1 15.890625 1687897097.9798
CHLD 2 16.082031 1687897097.9798
CHLD 3 12.343750 1687897097.9798
CHLD 4 12.375000 1687897097.9833
CHLD 5 15.964844 1687897097.9843
CHLD 6 12.171875 1687897097.9843
CHLD 7 12.230469 1687897097.9843
MEM 21.480469 1687897098.1097
CHLD 0 15.746094 1687897098.1575
CHLD 1 16.066406 1687897098.1575
CHLD 2 16.601562 1687897098.1575
CHLD 3 12.406250 1687897098.1575
CHLD 4 12.542969 1687897098.1575
CHLD 5 16.414062 1687897098.1585
CHLD 6 12.378906 1687897098.1585
CHLD 7 12.433594 1687897098.1585
MEM 21.480469 1687897098.2852
CHLD 0 15.921875 1687897098.3244
CHLD 1 16.562500 1687897098.3244
CHLD 2 16.875000 1687897098.3244
CHLD 3 12.566406 1687897098.3254
CHLD 4 12.714844 1687897098.3254
CHLD 5 16.515625 1687897098.3254
CHLD 6 12.476562 1687897098.3254
CHLD 7 12.531250 1687897098.3254
MEM 21.480469 1687897098.4519
CHLD 0 16.394531 1687897098.4906
CHLD 1 17.687500 1687897098.4906
CHLD 2 17.320312 1687897098.4906
CHLD 3 12.738281 1687897098.4906
CHLD 4 13.140625 1687897098.4906
CHLD 5 16.929688 1687897098.4906
CHLD 6 12.750000 1687897098.4906
CHLD 7 12.734375 1687897098.4906
MEM 21.480469 1687897098.6130
CHLD 0 17.253906 1687897098.6548
CHLD 1 18.406250 1687897098.6548
CHLD 2 17.828125 1687897098.6558
CHLD 3 13.437500 1687897098.6558
CHLD 4 15.769531 1687897098.6558
CHLD 5 17.800781 1687897098.6558
CHLD 6 13.468750 1687897098.6558
CHLD 7 13.476562 1687897098.6558
MEM 21.480469 1687897098.7760
CHLD 0 18.207031 1687897098.8107
CHLD 1 19.117188 1687897098.8107
CHLD 2 19.078125 1687897098.8107
CHLD 3 15.718750 1687897098.8107
CHLD 4 16.316406 1687897098.8107
CHLD 5 18.375000 1687897098.8107
CHLD 6 15.800781 1687897098.8107
CHLD 7 15.753906 1687897098.8107
MEM 21.480469 1687897098.9193
CHLD 0 18.304688 1687897098.9605
CHLD 1 19.414062 1687897098.9605
CHLD 2 19.558594 1687897098.9605
CHLD 3 15.777344 1687897098.9605
CHLD 4 16.812500 1687897098.9605
CHLD 5 19.046875 1687897098.9605
CHLD 6 15.945312 1687897098.9605
CHLD 7 16.414062 1687897098.9605
MEM 21.480469 1687897099.0969
CHLD 0 19.527344 1687897099.1401
CHLD 1 20.109375 1687897099.1401
CHLD 2 20.390625 1687897099.1401
CHLD 3 16.398438 1687897099.1401
CHLD 4 17.765625 1687897099.1401
CHLD 5 19.394531 1687897099.1401
CHLD 6 16.460938 1687897099.1401
CHLD 7 16.765625 1687897099.1401
MEM 21.480469 1687897099.2665
CHLD 0 20.199219 1687897099.3269
CHLD 1 20.437500 1687897099.3269
CHLD 2 24.667969 1687897099.3279
CHLD 3 16.753906 1687897099.3279
CHLD 4 18.554688 1687897099.3279
CHLD 5 20.292969 1687897099.3279
CHLD 6 16.843750 1687897099.3279
CHLD 7 18.265625 1687897099.3279
MEM 21.480469 1687897099.4392
CHLD 0 20.675781 1687897099.4724
CHLD 1 20.757812 1687897099.4724
CHLD 2 24.808594 1687897099.4724
CHLD 3 18.261719 1687897099.4724
CHLD 4 19.371094 1687897099.4724
CHLD 5 20.621094 1687897099.4724
CHLD 6 17.750000 1687897099.4734
CHLD 7 19.589844 1687897099.4734
MEM 21.480469 1687897099.5740
CHLD 0 22.019531 1687897099.6142
CHLD 1 24.527344 1687897099.6142
CHLD 2 24.812500 1687897099.6142
CHLD 3 19.589844 1687897099.6142
CHLD 4 20.472656 1687897099.6142
CHLD 5 21.976562 1687897099.6142
CHLD 6 18.988281 1687897099.6142
CHLD 7 20.179688 1687897099.6142
MEM 21.480469 1687897099.7192
CHLD 0 23.148438 1687897099.7765
CHLD 1 24.875000 1687897099.7765
CHLD 2 24.847656 1687897099.7765
CHLD 3 20.449219 1687897099.7765
CHLD 4 24.000000 1687897099.7765
CHLD 5 22.058594 1687897099.7765
CHLD 6 20.113281 1687897099.7765
CHLD 7 22.000000 1687897099.7765
MEM 21.488281 1687897099.8878
CHLD 0 24.984375 1687897099.9152
CHLD 1 24.921875 1687897099.9152
CHLD 2 24.867188 1687897099.9152
CHLD 3 21.945312 1687897099.9152
CHLD 4 24.867188 1687897099.9162
CHLD 5 24.812500 1687897099.9162
CHLD 6 23.246094 1687897099.9162
CHLD 7 22.027344 1687897099.9162
MEM 21.488281 1687897100.0281
CHLD 0 24.996094 1687897100.0575
CHLD 1 24.941406 1687897100.0585
CHLD 2 24.867188 1687897100.0585
CHLD 3 21.968750 1687897100.0585
CHLD 4 24.910156 1687897100.0585
CHLD 5 24.824219 1687897100.0585
CHLD 6 24.859375 1687897100.0585
CHLD 7 24.738281 1687897100.0585
MEM 21.488281 1687897100.1686
CHLD 0 25.015625 1687897100.1971
CHLD 1 24.949219 1687897100.1971
CHLD 2 24.867188 1687897100.1971
CHLD 3 24.839844 1687897100.1971
CHLD 4 24.925781 1687897100.1971
CHLD 5 24.867188 1687897100.1971
CHLD 6 24.886719 1687897100.1971
CHLD 7 24.871094 1687897100.1981
MEM 21.488281 1687897100.3086
CHLD 0 25.019531 1687897100.3287
CHLD 1 24.953125 1687897100.3287
CHLD 2 24.871094 1687897100.3287
CHLD 3 24.867188 1687897100.3287
CHLD 4 24.929688 1687897100.3287
CHLD 5 24.910156 1687897100.3287
CHLD 6 24.917969 1687897100.3287
CHLD 7 24.886719 1687897100.3287
MEM 21.488281 1687897100.4334
CHLD 0 25.023438 1687897100.4550
CHLD 1 24.953125 1687897100.4550
CHLD 2 24.871094 1687897100.4550
CHLD 3 24.886719 1687897100.4550
CHLD 4 24.929688 1687897100.4550
CHLD 5 24.910156 1687897100.4550
CHLD 6 24.921875 1687897100.4550
CHLD 7 24.890625 1687897100.4550
MEM 21.488281 1687897100.5563
CHLD 0 25.023438 1687897100.5733
CHLD 1 24.960938 1687897100.5733
CHLD 2 24.871094 1687897100.5733
CHLD 3 24.890625 1687897100.5733
CHLD 4 24.933594 1687897100.5733
CHLD 5 24.914062 1687897100.5733
CHLD 6 24.921875 1687897100.5733
CHLD 7 24.890625 1687897100.5733
MEM 21.488281 1687897100.6816
CHLD 0 25.023438 1687897100.7022
CHLD 1 24.960938 1687897100.7022
CHLD 2 24.871094 1687897100.7022
CHLD 3 24.890625 1687897100.7022
CHLD 4 24.933594 1687897100.7022
CHLD 5 24.914062 1687897100.7022
CHLD 6 24.921875 1687897100.7022
CHLD 7 24.894531 1687897100.7032
MEM 21.488281 1687897100.8046
CHLD 0 25.027344 1687897100.8227
CHLD 1 24.960938 1687897100.8227
CHLD 2 24.871094 1687897100.8227
CHLD 3 24.894531 1687897100.8227
CHLD 4 24.933594 1687897100.8237
CHLD 5 24.914062 1687897100.8237
CHLD 6 24.925781 1687897100.8237
CHLD 7 24.894531 1687897100.8237
MEM 21.488281 1687897100.9286
CHLD 0 25.027344 1687897100.9487
CHLD 1 24.960938 1687897100.9487
CHLD 2 24.871094 1687897100.9487
CHLD 3 24.902344 1687897100.9487
CHLD 4 24.933594 1687897100.9487
CHLD 5 24.914062 1687897100.9487
CHLD 6 24.925781 1687897100.9487
CHLD 7 24.894531 1687897100.9487
MEM 21.488281 1687897101.0542
CHLD 0 25.027344 1687897101.0688
CHLD 1 24.960938 1687897101.0688
CHLD 2 24.878906 1687897101.0688
CHLD 3 24.906250 1687897101.0688
CHLD 4 24.933594 1687897101.0688
CHLD 5 24.921875 1687897101.0688
CHLD 6 24.933594 1687897101.0688
CHLD 7 24.894531 1687897101.0688
MEM 21.488281 1687897101.1770
CHLD 0 25.027344 1687897101.1905
CHLD 1 24.968750 1687897101.1905
CHLD 2 24.878906 1687897101.1905
CHLD 3 24.906250 1687897101.1905
CHLD 4 24.933594 1687897101.1905
CHLD 5 24.921875 1687897101.1905
CHLD 6 24.933594 1687897101.1905
CHLD 7 24.902344 1687897101.1905
MEM 21.449219 1687897101.3084
